146
2
232
145
2
90
148
233
233
108
187
37
2
61
99
163
222
161
193
174
176
3
190
237
138
64
8
180
206
185
29
233
123
50
70
197
190
78
39
118
29
144
81
23
181
48
25
212
132
137
166
60
90
112
81
110
249
196
104
13
127
102
138
111
146
2
232
145
2
90
148
233
233
108
187
37
2
61
99
163
222
161
193
174
176
3
190
237
138
64
8
180
206
185
29
233
123
50
70
197
190
78
39
118
29
144
81
23
181
48
25
212
132
137
166
60
90
112
81
110
249
196
104
13
127
102
138
111
146
2
232
145
2
90
148
233
233
108
187
37
2
61
99
163
222
161
193
174
176
3
190
237
138
64
8
180
206
185
29
233
123
50
70
197
190
78
39
118
29
144
81
23
181
48
25
212
132
137
166
60
90
112
81
110
249
196
104
13
127
102
138
111
